0.697864 0.89661 0.46194 0.11615 0.952851 0.499715 0.53841 0.361103 0.799668 0.0964557 
0.291682 0.715496 0.99413 0.830208 0.582427 0.209243 0.390778 0.904475 0.201957 0.59338 
0.804015 0.728733 0.514888 0.921235 0.27641 0.935484 0.500939 0.838851 0.379307 0.73307 
0.497414 0.0771707 0.62968 0.959354 0.193321 0.582531 0.459068 0.731731 0.943634 0.258737 
0.828187 0.235317 0.974233 0.822316 0.0655252 0.556659 0.0315592 0.456303 0.461134 0.233516 
0.0496831 0.265149 0.962249 0.564571 0.186384 0.238659 0.500055 0.687323 0.0775094 0.879362 
0.420393 0.574923 0.956532 0.0500738 0.534277 0.149853 0.632605 0.993346 0.881584 0.57624 
0.252082 0.709771 0.811556 0.226315 0.532087 0.877082 0.782974 0.563646 0.333384 0.244108 
0.797162 0.383068 0.509257 0.759411 0.947638 0.695641 0.998069 0.447693 0.382964 0.0755788 
0.327055 0.803357 0.650502 0.283587 0.853431 0.184779 0.433441 0.486036 0.178125 0.315025 
