0.0622756 0.430207 0.0247953 0.873832 0.656522 0.556882 0.750914 0.439497 0.120528 0.084298 
0.683605 0.91769 0.467366 0.192862 0.6771 0.415004 0.888503 0.67517 0.862697 0.271467 
0.750749 0.189752 0.0748238 0.401251 0.47334 0.928255 0.58603 0.90678 0.414291 0.764155 
0.221805 0.476566 0.194363 0.2466 0.350398 0.850885 0.803482 0.101312 0.290382 0.92401 
0.18561 0.973987 0.8417 0.652975 0.166849 0.518801 0.0679793 0.0553519 0.19397 0.930676 
0.326819 0.944719 0.120429 0.401642 0.34597 0.593768 0.329897 0.932 0.500548 0.744188 
0.696155 0.722353 0.220754 0.890518 0.968953 0.571152 0.741403 0.772435 0.672464 0.0317852 
0.696445 0.858074 0.00577217 0.538146 0.511049 0.172621 0.056946 0.579029 0.227973 0.250916 
0.509705 0.554792 0.195635 0.630134 0.956434 0.541605 0.223902 0.286331 0.473605 0.72445 
0.0305184 0.16976 0.446803 0.251272 0.0602778 0.415756 0.822424 0.801681 0.188191 0.494888 
