20.798161 20.798161 20.798161 20.798161 20.798161 20.798161 20.798161 20.798161 20.798161 20.798161 20.798161 20.798161 20.798161 20.798161 20.798161 20.798161 20.798161 20.798161 20.798161 20.798161 20.798161 20.798161 20.798161 20.798161 20.798161 20.798161 20.798161 20.798161 20.798161 20.798161 20.798161 20.798161 20.798161 20.798161 20.798161 20.798161 20.798161 20.798161 20.798161 20.798161 20.798161 20.798161 20.798161 20.798161 20.798161 20.798161 20.798161 20.798161 
30.405839 30.405839 30.405839 30.405839 30.405839 30.405839 30.405839 30.405839 30.405839 30.405839 30.405839 30.405839 30.405839 30.405839 30.405839 30.405839 30.405839 30.405839 30.405839 30.405839 30.405839 30.405839 30.405839 30.405839 30.405839 30.405839 30.405839 30.405839 30.405839 30.405839 30.405839 30.405839 30.405839 30.405839 30.405839 30.405839 30.405839 30.405839 30.405839 30.405839 30.405839 30.405839 30.405839 30.405839 30.405839 30.405839 30.405839 30.405839 
26.968844 26.968844 26.968844 26.968844 26.968844 26.968844 26.968844 26.968844 26.968844 26.968844 26.968844 26.968844 26.968844 26.968844 26.968844 26.968844 26.968844 26.968844 26.968844 26.968844 26.968844 26.968844 26.968844 26.968844 26.968844 26.968844 26.968844 26.968844 26.968844 26.968844 26.968844 26.968844 26.968844 26.968844 26.968844 26.968844 26.968844 26.968844 26.968844 26.968844 26.968844 26.968844 26.968844 26.968844 26.968844 26.968844 26.968844 26.968844 
24.103787 24.103787 24.103787 24.103787 24.103787 24.103787 24.103787 24.103787 24.103787 24.103787 24.103787 24.103787 24.103787 24.103787 24.103787 24.103787 24.103787 24.103787 24.103787 24.103787 24.103787 24.103787 24.103787 24.103787 24.103787 24.103787 24.103787 24.103787 24.103787 24.103787 24.103787 24.103787 24.103787 24.103787 24.103787 24.103787 24.103787 24.103787 24.103787 24.103787 24.103787 24.103787 24.103787 24.103787 24.103787 24.103787 24.103787 24.103787 
23.185798 23.185798 23.185798 23.185798 23.185798 23.185798 23.185798 23.185798 23.185798 23.185798 23.185798 23.185798 23.185798 23.185798 23.185798 23.185798 23.185798 23.185798 23.185798 23.185798 23.185798 23.185798 23.185798 23.185798 23.185798 23.185798 23.185798 23.185798 23.185798 23.185798 23.185798 23.185798 23.185798 23.185798 23.185798 23.185798 23.185798 23.185798 23.185798 23.185798 23.185798 23.185798 23.185798 23.185798 23.185798 23.185798 23.185798 23.185798 
23.539422 23.539422 23.539422 23.539422 23.539422 23.539422 23.539422 23.539422 23.539422 23.539422 23.539422 23.539422 23.539422 23.539422 23.539422 23.539422 23.539422 23.539422 23.539422 23.539422 23.539422 23.539422 23.539422 23.539422 23.539422 23.539422 23.539422 23.539422 23.539422 23.539422 23.539422 23.539422 23.539422 23.539422 23.539422 23.539422 23.539422 23.539422 23.539422 23.539422 23.539422 23.539422 23.539422 23.539422 23.539422 23.539422 23.539422 23.539422 
21.322510 21.322510 21.322510 21.322510 21.322510 21.322510 21.322510 21.322510 21.322510 21.322510 21.322510 21.322510 21.322510 21.322510 21.322510 21.322510 21.322510 21.322510 21.322510 21.322510 21.322510 21.322510 21.322510 21.322510 21.322510 21.322510 21.322510 21.322510 21.322510 21.322510 21.322510 21.322510 21.322510 21.322510 21.322510 21.322510 21.322510 21.322510 21.322510 21.322510 21.322510 21.322510 21.322510 21.322510 21.322510 21.322510 21.322510 21.322510 
20.134963 20.134963 20.134963 20.134963 20.134963 20.134963 20.134963 20.134963 20.134963 20.134963 20.134963 20.134963 20.134963 20.134963 20.134963 20.134963 20.134963 20.134963 20.134963 20.134963 20.134963 20.134963 20.134963 20.134963 20.134963 20.134963 20.134963 20.134963 20.134963 20.134963 20.134963 20.134963 20.134963 20.134963 20.134963 20.134963 20.134963 20.134963 20.134963 20.134963 20.134963 20.134963 20.134963 20.134963 20.134963 20.134963 20.134963 20.134963 
26.687023 26.687023 26.687023 26.687023 26.687023 26.687023 26.687023 26.687023 26.687023 26.687023 26.687023 26.687023 26.687023 26.687023 26.687023 26.687023 26.687023 26.687023 26.687023 26.687023 26.687023 26.687023 26.687023 26.687023 26.687023 26.687023 26.687023 26.687023 26.687023 26.687023 26.687023 26.687023 26.687023 26.687023 26.687023 26.687023 26.687023 26.687023 26.687023 26.687023 26.687023 26.687023 26.687023 26.687023 26.687023 26.687023 26.687023 26.687023 
23.454125 23.454125 23.454125 23.454125 23.454125 23.454125 23.454125 23.454125 23.454125 23.454125 23.454125 23.454125 23.454125 23.454125 23.454125 23.454125 23.454125 23.454125 23.454125 23.454125 23.454125 23.454125 23.454125 23.454125 23.454125 23.454125 23.454125 23.454125 23.454125 23.454125 23.454125 23.454125 23.454125 23.454125 23.454125 23.454125 23.454125 23.454125 23.454125 23.454125 23.454125 23.454125 23.454125 23.454125 23.454125 23.454125 23.454125 23.454125 
19.265579 19.265579 19.265579 19.265579 19.265579 19.265579 19.265579 19.265579 19.265579 19.265579 19.265579 19.265579 19.265579 19.265579 19.265579 19.265579 19.265579 19.265579 19.265579 19.265579 19.265579 19.265579 19.265579 19.265579 19.265579 19.265579 19.265579 19.265579 19.265579 19.265579 19.265579 19.265579 19.265579 19.265579 19.265579 19.265579 19.265579 19.265579 19.265579 19.265579 19.265579 19.265579 19.265579 19.265579 19.265579 19.265579 19.265579 19.265579 
21.428153 21.428153 21.428153 21.428153 21.428153 21.428153 21.428153 21.428153 21.428153 21.428153 21.428153 21.428153 21.428153 21.428153 21.428153 21.428153 21.428153 21.428153 21.428153 21.428153 21.428153 21.428153 21.428153 21.428153 21.428153 21.428153 21.428153 21.428153 21.428153 21.428153 21.428153 21.428153 21.428153 21.428153 21.428153 21.428153 21.428153 21.428153 21.428153 21.428153 21.428153 21.428153 21.428153 21.428153 21.428153 21.428153 21.428153 21.428153 
24.645083 24.645083 24.645083 24.645083 24.645083 24.645083 24.645083 24.645083 24.645083 24.645083 24.645083 24.645083 24.645083 24.645083 24.645083 24.645083 24.645083 24.645083 24.645083 24.645083 24.645083 24.645083 24.645083 24.645083 24.645083 24.645083 24.645083 24.645083 24.645083 24.645083 24.645083 24.645083 24.645083 24.645083 24.645083 24.645083 24.645083 24.645083 24.645083 24.645083 24.645083 24.645083 24.645083 24.645083 24.645083 24.645083 24.645083 24.645083 
25.771404 25.771404 25.771404 25.771404 25.771404 25.771404 25.771404 25.771404 25.771404 25.771404 25.771404 25.771404 25.771404 25.771404 25.771404 25.771404 25.771404 25.771404 25.771404 25.771404 25.771404 25.771404 25.771404 25.771404 25.771404 25.771404 25.771404 25.771404 25.771404 25.771404 25.771404 25.771404 25.771404 25.771404 25.771404 25.771404 25.771404 25.771404 25.771404 25.771404 25.771404 25.771404 25.771404 25.771404 25.771404 25.771404 25.771404 25.771404 
20.479388 20.479388 20.479388 20.479388 20.479388 20.479388 20.479388 20.479388 20.479388 20.479388 20.479388 20.479388 20.479388 20.479388 20.479388 20.479388 20.479388 20.479388 20.479388 20.479388 20.479388 20.479388 20.479388 20.479388 20.479388 20.479388 20.479388 20.479388 20.479388 20.479388 20.479388 20.479388 20.479388 20.479388 20.479388 20.479388 20.479388 20.479388 20.479388 20.479388 20.479388 20.479388 20.479388 20.479388 20.479388 20.479388 20.479388 20.479388 
22.903108 22.903108 22.903108 22.903108 22.903108 22.903108 22.903108 22.903108 22.903108 22.903108 22.903108 22.903108 22.903108 22.903108 22.903108 22.903108 22.903108 22.903108 22.903108 22.903108 22.903108 22.903108 22.903108 22.903108 22.903108 22.903108 22.903108 22.903108 22.903108 22.903108 22.903108 22.903108 22.903108 22.903108 22.903108 22.903108 22.903108 22.903108 22.903108 22.903108 22.903108 22.903108 22.903108 22.903108 22.903108 22.903108 22.903108 22.903108 
23.627904 23.627904 23.627904 23.627904 23.627904 23.627904 23.627904 23.627904 23.627904 23.627904 23.627904 23.627904 23.627904 23.627904 23.627904 23.627904 23.627904 23.627904 23.627904 23.627904 23.627904 23.627904 23.627904 23.627904 23.627904 23.627904 23.627904 23.627904 23.627904 23.627904 23.627904 23.627904 23.627904 23.627904 23.627904 23.627904 23.627904 23.627904 23.627904 23.627904 23.627904 23.627904 23.627904 23.627904 23.627904 23.627904 23.627904 23.627904 
25.174212 25.174212 25.174212 25.174212 25.174212 25.174212 25.174212 25.174212 25.174212 25.174212 25.174212 25.174212 25.174212 25.174212 25.174212 25.174212 25.174212 25.174212 25.174212 25.174212 25.174212 25.174212 25.174212 25.174212 25.174212 25.174212 25.174212 25.174212 25.174212 25.174212 25.174212 25.174212 25.174212 25.174212 25.174212 25.174212 25.174212 25.174212 25.174212 25.174212 25.174212 25.174212 25.174212 25.174212 25.174212 25.174212 25.174212 25.174212 
26.938589 26.938589 26.938589 26.938589 26.938589 26.938589 26.938589 26.938589 26.938589 26.938589 26.938589 26.938589 26.938589 26.938589 26.938589 26.938589 26.938589 26.938589 26.938589 26.938589 26.938589 26.938589 26.938589 26.938589 26.938589 26.938589 26.938589 26.938589 26.938589 26.938589 26.938589 26.938589 26.938589 26.938589 26.938589 26.938589 26.938589 26.938589 26.938589 26.938589 26.938589 26.938589 26.938589 26.938589 26.938589 26.938589 26.938589 26.938589 
22.675834 22.675834 22.675834 22.675834 22.675834 22.675834 22.675834 22.675834 22.675834 22.675834 22.675834 22.675834 22.675834 22.675834 22.675834 22.675834 22.675834 22.675834 22.675834 22.675834 22.675834 22.675834 22.675834 22.675834 22.675834 22.675834 22.675834 22.675834 22.675834 22.675834 22.675834 22.675834 22.675834 22.675834 22.675834 22.675834 22.675834 22.675834 22.675834 22.675834 22.675834 22.675834 22.675834 22.675834 22.675834 22.675834 22.675834 22.675834 
24.508963 24.508963 24.508963 24.508963 24.508963 24.508963 24.508963 24.508963 24.508963 24.508963 24.508963 24.508963 24.508963 24.508963 24.508963 24.508963 24.508963 24.508963 24.508963 24.508963 24.508963 24.508963 24.508963 24.508963 24.508963 24.508963 24.508963 24.508963 24.508963 24.508963 24.508963 24.508963 24.508963 24.508963 24.508963 24.508963 24.508963 24.508963 24.508963 24.508963 24.508963 24.508963 24.508963 24.508963 24.508963 24.508963 24.508963 24.508963 
26.891025 26.891025 26.891025 26.891025 26.891025 26.891025 26.891025 26.891025 26.891025 26.891025 26.891025 26.891025 26.891025 26.891025 26.891025 26.891025 26.891025 26.891025 26.891025 26.891025 26.891025 26.891025 26.891025 26.891025 26.891025 26.891025 26.891025 26.891025 26.891025 26.891025 26.891025 26.891025 26.891025 26.891025 26.891025 26.891025 26.891025 26.891025 26.891025 26.891025 26.891025 26.891025 26.891025 26.891025 26.891025 26.891025 26.891025 26.891025 
23.107823 23.107823 23.107823 23.107823 23.107823 23.107823 23.107823 23.107823 23.107823 23.107823 23.107823 23.107823 23.107823 23.107823 23.107823 23.107823 23.107823 23.107823 23.107823 23.107823 23.107823 23.107823 23.107823 23.107823 23.107823 23.107823 23.107823 23.107823 23.107823 23.107823 23.107823 23.107823 23.107823 23.107823 23.107823 23.107823 23.107823 23.107823 23.107823 23.107823 23.107823 23.107823 23.107823 23.107823 23.107823 23.107823 23.107823 23.107823 
23.558471 23.558471 23.558471 23.558471 23.558471 23.558471 23.558471 23.558471 23.558471 23.558471 23.558471 23.558471 23.558471 23.558471 23.558471 23.558471 23.558471 23.558471 23.558471 23.558471 23.558471 23.558471 23.558471 23.558471 23.558471 23.558471 23.558471 23.558471 23.558471 23.558471 23.558471 23.558471 23.558471 23.558471 23.558471 23.558471 23.558471 23.558471 23.558471 23.558471 23.558471 23.558471 23.558471 23.558471 23.558471 23.558471 23.558471 23.558471 
21.456138 21.456138 21.456138 21.456138 21.456138 21.456138 21.456138 21.456138 21.456138 21.456138 21.456138 21.456138 21.456138 21.456138 21.456138 21.456138 21.456138 21.456138 21.456138 21.456138 21.456138 21.456138 21.456138 21.456138 21.456138 21.456138 21.456138 21.456138 21.456138 21.456138 21.456138 21.456138 21.456138 21.456138 21.456138 21.456138 21.456138 21.456138 21.456138 21.456138 21.456138 21.456138 21.456138 21.456138 21.456138 21.456138 21.456138 21.456138 
25.377091 25.377091 25.377091 25.377091 25.377091 25.377091 25.377091 25.377091 25.377091 25.377091 25.377091 25.377091 25.377091 25.377091 25.377091 25.377091 25.377091 25.377091 25.377091 25.377091 25.377091 25.377091 25.377091 25.377091 25.377091 25.377091 25.377091 25.377091 25.377091 25.377091 25.377091 25.377091 25.377091 25.377091 25.377091 25.377091 25.377091 25.377091 25.377091 25.377091 25.377091 25.377091 25.377091 25.377091 25.377091 25.377091 25.377091 25.377091 
24.746541 24.746541 24.746541 24.746541 24.746541 24.746541 24.746541 24.746541 24.746541 24.746541 24.746541 24.746541 24.746541 24.746541 24.746541 24.746541 24.746541 24.746541 24.746541 24.746541 24.746541 24.746541 24.746541 24.746541 24.746541 24.746541 24.746541 24.746541 24.746541 24.746541 24.746541 24.746541 24.746541 24.746541 24.746541 24.746541 24.746541 24.746541 24.746541 24.746541 24.746541 24.746541 24.746541 24.746541 24.746541 24.746541 24.746541 24.746541 
24.152003 24.152003 24.152003 24.152003 24.152003 24.152003 24.152003 24.152003 24.152003 24.152003 24.152003 24.152003 24.152003 24.152003 24.152003 24.152003 24.152003 24.152003 24.152003 24.152003 24.152003 24.152003 24.152003 24.152003 24.152003 24.152003 24.152003 24.152003 24.152003 24.152003 24.152003 24.152003 24.152003 24.152003 24.152003 24.152003 24.152003 24.152003 24.152003 24.152003 24.152003 24.152003 24.152003 24.152003 24.152003 24.152003 24.152003 24.152003 
24.427196 24.427196 24.427196 24.427196 24.427196 24.427196 24.427196 24.427196 24.427196 24.427196 24.427196 24.427196 24.427196 24.427196 24.427196 24.427196 24.427196 24.427196 24.427196 24.427196 24.427196 24.427196 24.427196 24.427196 24.427196 24.427196 24.427196 24.427196 24.427196 24.427196 24.427196 24.427196 24.427196 24.427196 24.427196 24.427196 24.427196 24.427196 24.427196 24.427196 24.427196 24.427196 24.427196 24.427196 24.427196 24.427196 24.427196 24.427196 
18.774731 18.774731 18.774731 18.774731 18.774731 18.774731 18.774731 18.774731 18.774731 18.774731 18.774731 18.774731 18.774731 18.774731 18.774731 18.774731 18.774731 18.774731 18.774731 18.774731 18.774731 18.774731 18.774731 18.774731 18.774731 18.774731 18.774731 18.774731 18.774731 18.774731 18.774731 18.774731 18.774731 18.774731 18.774731 18.774731 18.774731 18.774731 18.774731 18.774731 18.774731 18.774731 18.774731 18.774731 18.774731 18.774731 18.774731 18.774731 
24.898002 24.898002 24.898002 24.898002 24.898002 24.898002 24.898002 24.898002 24.898002 24.898002 24.898002 24.898002 24.898002 24.898002 24.898002 24.898002 24.898002 24.898002 24.898002 24.898002 24.898002 24.898002 24.898002 24.898002 24.898002 24.898002 24.898002 24.898002 24.898002 24.898002 24.898002 24.898002 24.898002 24.898002 24.898002 24.898002 24.898002 24.898002 24.898002 24.898002 24.898002 24.898002 24.898002 24.898002 24.898002 24.898002 24.898002 24.898002 
25.225356 25.225356 25.225356 25.225356 25.225356 25.225356 25.225356 25.225356 25.225356 25.225356 25.225356 25.225356 25.225356 25.225356 25.225356 25.225356 25.225356 25.225356 25.225356 25.225356 25.225356 25.225356 25.225356 25.225356 25.225356 25.225356 25.225356 25.225356 25.225356 25.225356 25.225356 25.225356 25.225356 25.225356 25.225356 25.225356 25.225356 25.225356 25.225356 25.225356 25.225356 25.225356 25.225356 25.225356 25.225356 25.225356 25.225356 25.225356 
30.180567 30.180567 30.180567 30.180567 30.180567 30.180567 30.180567 30.180567 30.180567 30.180567 30.180567 30.180567 30.180567 30.180567 30.180567 30.180567 30.180567 30.180567 30.180567 30.180567 30.180567 30.180567 30.180567 30.180567 30.180567 30.180567 30.180567 30.180567 30.180567 30.180567 30.180567 30.180567 30.180567 30.180567 30.180567 30.180567 30.180567 30.180567 30.180567 30.180567 30.180567 30.180567 30.180567 30.180567 30.180567 30.180567 30.180567 30.180567 
23.866846 23.866846 23.866846 23.866846 23.866846 23.866846 23.866846 23.866846 23.866846 23.866846 23.866846 23.866846 23.866846 23.866846 23.866846 23.866846 23.866846 23.866846 23.866846 23.866846 23.866846 23.866846 23.866846 23.866846 23.866846 23.866846 23.866846 23.866846 23.866846 23.866846 23.866846 23.866846 23.866846 23.866846 23.866846 23.866846 23.866846 23.866846 23.866846 23.866846 23.866846 23.866846 23.866846 23.866846 23.866846 23.866846 23.866846 23.866846 
24.329135 24.329135 24.329135 24.329135 24.329135 24.329135 24.329135 24.329135 24.329135 24.329135 24.329135 24.329135 24.329135 24.329135 24.329135 24.329135 24.329135 24.329135 24.329135 24.329135 24.329135 24.329135 24.329135 24.329135 24.329135 24.329135 24.329135 24.329135 24.329135 24.329135 24.329135 24.329135 24.329135 24.329135 24.329135 24.329135 24.329135 24.329135 24.329135 24.329135 24.329135 24.329135 24.329135 24.329135 24.329135 24.329135 24.329135 24.329135 
26.366366 26.366366 26.366366 26.366366 26.366366 26.366366 26.366366 26.366366 26.366366 26.366366 26.366366 26.366366 26.366366 26.366366 26.366366 26.366366 26.366366 26.366366 26.366366 26.366366 26.366366 26.366366 26.366366 26.366366 26.366366 26.366366 26.366366 26.366366 26.366366 26.366366 26.366366 26.366366 26.366366 26.366366 26.366366 26.366366 26.366366 26.366366 26.366366 26.366366 26.366366 26.366366 26.366366 26.366366 26.366366 26.366366 26.366366 26.366366 
23.406269 23.406269 23.406269 23.406269 23.406269 23.406269 23.406269 23.406269 23.406269 23.406269 23.406269 23.406269 23.406269 23.406269 23.406269 23.406269 23.406269 23.406269 23.406269 23.406269 23.406269 23.406269 23.406269 23.406269 23.406269 23.406269 23.406269 23.406269 23.406269 23.406269 23.406269 23.406269 23.406269 23.406269 23.406269 23.406269 23.406269 23.406269 23.406269 23.406269 23.406269 23.406269 23.406269 23.406269 23.406269 23.406269 23.406269 23.406269 
20.651648 20.651648 20.651648 20.651648 20.651648 20.651648 20.651648 20.651648 20.651648 20.651648 20.651648 20.651648 20.651648 20.651648 20.651648 20.651648 20.651648 20.651648 20.651648 20.651648 20.651648 20.651648 20.651648 20.651648 20.651648 20.651648 20.651648 20.651648 20.651648 20.651648 20.651648 20.651648 20.651648 20.651648 20.651648 20.651648 20.651648 20.651648 20.651648 20.651648 20.651648 20.651648 20.651648 20.651648 20.651648 20.651648 20.651648 20.651648 
25.501329 25.501329 25.501329 25.501329 25.501329 25.501329 25.501329 25.501329 25.501329 25.501329 25.501329 25.501329 25.501329 25.501329 25.501329 25.501329 25.501329 25.501329 25.501329 25.501329 25.501329 25.501329 25.501329 25.501329 25.501329 25.501329 25.501329 25.501329 25.501329 25.501329 25.501329 25.501329 25.501329 25.501329 25.501329 25.501329 25.501329 25.501329 25.501329 25.501329 25.501329 25.501329 25.501329 25.501329 25.501329 25.501329 25.501329 25.501329 
24.093293 24.093293 24.093293 24.093293 24.093293 24.093293 24.093293 24.093293 24.093293 24.093293 24.093293 24.093293 24.093293 24.093293 24.093293 24.093293 24.093293 24.093293 24.093293 24.093293 24.093293 24.093293 24.093293 24.093293 24.093293 24.093293 24.093293 24.093293 24.093293 24.093293 24.093293 24.093293 24.093293 24.093293 24.093293 24.093293 24.093293 24.093293 24.093293 24.093293 24.093293 24.093293 24.093293 24.093293 24.093293 24.093293 24.093293 24.093293 
25.105775 25.105775 25.105775 25.105775 25.105775 25.105775 25.105775 25.105775 25.105775 25.105775 25.105775 25.105775 25.105775 25.105775 25.105775 25.105775 25.105775 25.105775 25.105775 25.105775 25.105775 25.105775 25.105775 25.105775 25.105775 25.105775 25.105775 25.105775 25.105775 25.105775 25.105775 25.105775 25.105775 25.105775 25.105775 25.105775 25.105775 25.105775 25.105775 25.105775 25.105775 25.105775 25.105775 25.105775 25.105775 25.105775 25.105775 25.105775 
23.766908 23.766908 23.766908 23.766908 23.766908 23.766908 23.766908 23.766908 23.766908 23.766908 23.766908 23.766908 23.766908 23.766908 23.766908 23.766908 23.766908 23.766908 23.766908 23.766908 23.766908 23.766908 23.766908 23.766908 23.766908 23.766908 23.766908 23.766908 23.766908 23.766908 23.766908 23.766908 23.766908 23.766908 23.766908 23.766908 23.766908 23.766908 23.766908 23.766908 23.766908 23.766908 23.766908 23.766908 23.766908 23.766908 23.766908 23.766908 
24.521444 24.521444 24.521444 24.521444 24.521444 24.521444 24.521444 24.521444 24.521444 24.521444 24.521444 24.521444 24.521444 24.521444 24.521444 24.521444 24.521444 24.521444 24.521444 24.521444 24.521444 24.521444 24.521444 24.521444 24.521444 24.521444 24.521444 24.521444 24.521444 24.521444 24.521444 24.521444 24.521444 24.521444 24.521444 24.521444 24.521444 24.521444 24.521444 24.521444 24.521444 24.521444 24.521444 24.521444 24.521444 24.521444 24.521444 24.521444 
23.750856 23.750856 23.750856 23.750856 23.750856 23.750856 23.750856 23.750856 23.750856 23.750856 23.750856 23.750856 23.750856 23.750856 23.750856 23.750856 23.750856 23.750856 23.750856 23.750856 23.750856 23.750856 23.750856 23.750856 23.750856 23.750856 23.750856 23.750856 23.750856 23.750856 23.750856 23.750856 23.750856 23.750856 23.750856 23.750856 23.750856 23.750856 23.750856 23.750856 23.750856 23.750856 23.750856 23.750856 23.750856 23.750856 23.750856 23.750856 
25.538315 25.538315 25.538315 25.538315 25.538315 25.538315 25.538315 25.538315 25.538315 25.538315 25.538315 25.538315 25.538315 25.538315 25.538315 25.538315 25.538315 25.538315 25.538315 25.538315 25.538315 25.538315 25.538315 25.538315 25.538315 25.538315 25.538315 25.538315 25.538315 25.538315 25.538315 25.538315 25.538315 25.538315 25.538315 25.538315 25.538315 25.538315 25.538315 25.538315 25.538315 25.538315 25.538315 25.538315 25.538315 25.538315 25.538315 25.538315 
27.000833 27.000833 27.000833 27.000833 27.000833 27.000833 27.000833 27.000833 27.000833 27.000833 27.000833 27.000833 27.000833 27.000833 27.000833 27.000833 27.000833 27.000833 27.000833 27.000833 27.000833 27.000833 27.000833 27.000833 27.000833 27.000833 27.000833 27.000833 27.000833 27.000833 27.000833 27.000833 27.000833 27.000833 27.000833 27.000833 27.000833 27.000833 27.000833 27.000833 27.000833 27.000833 27.000833 27.000833 27.000833 27.000833 27.000833 27.000833 
20.653967 20.653967 20.653967 20.653967 20.653967 20.653967 20.653967 20.653967 20.653967 20.653967 20.653967 20.653967 20.653967 20.653967 20.653967 20.653967 20.653967 20.653967 20.653967 20.653967 20.653967 20.653967 20.653967 20.653967 20.653967 20.653967 20.653967 20.653967 20.653967 20.653967 20.653967 20.653967 20.653967 20.653967 20.653967 20.653967 20.653967 20.653967 20.653967 20.653967 20.653967 20.653967 20.653967 20.653967 20.653967 20.653967 20.653967 20.653967 
24.166221 24.166221 24.166221 24.166221 24.166221 24.166221 24.166221 24.166221 24.166221 24.166221 24.166221 24.166221 24.166221 24.166221 24.166221 24.166221 24.166221 24.166221 24.166221 24.166221 24.166221 24.166221 24.166221 24.166221 24.166221 24.166221 24.166221 24.166221 24.166221 24.166221 24.166221 24.166221 24.166221 24.166221 24.166221 24.166221 24.166221 24.166221 24.166221 24.166221 24.166221 24.166221 24.166221 24.166221 24.166221 24.166221 24.166221 24.166221 
